MEME version 5

ALPHABET= ACGT

strands: + -

Background letter frequencies
A 0.250000 C 0.250000 G 0.250000 T 0.250000

MOTIF AHR AHR_HUMAN.H11MO.0.B
letter-probability matrix: alength= 4 w= 9 nsites= 154 E= 0
 0.266234  0.116883  0.363636  0.253247 
 0.071429  0.077922  0.227273  0.623377 
 0.142857  0.285714  0.136364  0.435065 
 0.019481  0.006494  0.948052  0.025974 
 0.006494  0.974026  0.006494  0.012987 
 0.019481  0.006494  0.967532  0.006494 
 0.000000  0.019481  0.006494  0.974026 
 0.000000  0.000000  1.000000  0.000000 
 0.279221  0.435065  0.103896  0.181818 

MOTIF AIRE AIRE_HUMAN.H11MO.0.C
letter-probability matrix: alength= 4 w= 18 nsites= 41 E= 0
 0.390244  0.268293  0.121951  0.219512 
 0.195122  0.195122  0.146341  0.463415 
 0.146341  0.146341  0.195122  0.512195 
 0.048780  0.000000  0.878049  0.073171 
 0.000000  0.000000  0.804878  0.195122 
 0.317073  0.048780  0.024390  0.609756 
 0.390244  0.097561  0.024390  0.487805 
 0.365854  0.146341  0.146341  0.341463 
 0.341463  0.073171  0.146341  0.439024 
 0.512195  0.097561  0.146341  0.243902 
 0.390244  0.048780  0.073171  0.487805 
 0.219512  0.146341  0.073171  0.560976 
 0.000000  0.024390  0.878049  0.097561 
 0.000000  0.000000  0.975610  0.024390 
 0.219512  0.097561  0.243902  0.439024 
 0.073171  0.195122  0.195122  0.536585 
 0.439024  0.024390  0.170732  0.365854 
 0.414634  0.268293  0.097561  0.219512 

MOTIF ALX1 ALX1_HUMAN.H11MO.0.B
letter-probability matrix: alength= 4 w= 12 nsites= 31 E= 0
 0.451613  0.193548  0.258065  0.096774 
 0.064516  0.096774  0.000000  0.838710 
 0.774194  0.032258  0.096774  0.096774 
 0.870968  0.064516  0.000000  0.064516 
 0.000000  0.096774  0.000000  0.903226 
 0.032258  0.225806  0.129032  0.612903 
 0.483871  0.000000  0.516129  0.000000 
 0.354839  0.258065  0.354839  0.032258 
 0.774194  0.000000  0.129032  0.096774 
 0.096774  0.000000  0.032258  0.870968 
 0.064516  0.032258  0.032258  0.870968 
 0.806452  0.064516  0.064516  0.064516 

MOTIF ALX3 ALX3_HUMAN.H11MO.0.D
letter-probability matrix: alength= 4 w= 11 nsites= 8236 E= 0
 0.059373  0.029262  0.012506  0.898859 
 0.935284  0.000850  0.012749  0.051117 
 0.999879  0.000000  0.000121  0.000000 
 0.000486  0.004007  0.000243  0.995265 
 0.006921  0.109762  0.016634  0.866683 
 0.703254  0.001700  0.295046  0.000000 
 0.476809  0.089485  0.412215  0.021491 
 0.658451  0.158694  0.132103  0.050753 
 0.022462  0.020277  0.018820  0.938441 
 0.171200  0.061195  0.030476  0.737130 
 0.800510  0.045653  0.057431  0.096406 

MOTIF ALX4 ALX4_HUMAN.H11MO.0.D
letter-probability matrix: alength= 4 w= 12 nsites= 23223 E= 0
 0.166688  0.314128  0.138483  0.380700 
 0.004823  0.001636  0.001033  0.992507 
 0.995909  0.000215  0.000818  0.003057 
 0.999957  0.000000  0.000043  0.000000 
 0.000000  0.000344  0.000043  0.999612 
 0.000344  0.044137  0.000689  0.954829 
 0.785127  0.000000  0.214873  0.000000 
 0.591396  0.017999  0.389571  0.001033 
 0.952461  0.009129  0.029540  0.008871 
 0.002627  0.003617  0.002498  0.991259 
 0.015416  0.009990  0.003875  0.970719 
 0.980321  0.004952  0.005426  0.009301 

MOTIF ANDR ANDR_HUMAN.H11MO.0.A
letter-probability matrix: alength= 4 w= 18 nsites= 499 E= 0
 0.148297  0.070140  0.036072  0.745491 
 0.062124  0.048096  0.777555  0.112224 
 0.068136  0.066132  0.014028  0.851703 
 0.188377  0.172345  0.144289  0.494990 
 0.078156  0.733467  0.036072  0.152305 
 0.122244  0.278557  0.032064  0.567134 
 0.180361  0.134269  0.196393  0.488978 
 0.198397  0.178357  0.216433  0.406814 
 0.176353  0.192385  0.222445  0.408818 
 0.200401  0.256513  0.120240  0.422846 
 0.072144  0.014028  0.014028  0.899800 
 0.254509  0.030060  0.691383  0.024048 
 0.028056  0.022044  0.020040  0.929860 
 0.018036  0.006012  0.098196  0.877756 
 0.008016  0.008016  0.064128  0.919840 
 0.420842  0.028056  0.494990  0.056112 
 0.086172  0.525050  0.048096  0.340681 
 0.290581  0.158317  0.054108  0.496994 

MOTIF AP2A AP2A_HUMAN.H11MO.0.A
letter-probability matrix: alength= 4 w= 15 nsites= 500 E= 0
 0.414000  0.186000  0.194000  0.206000 
 0.232000  0.092000  0.134000  0.542000 
 0.176000  0.096000  0.470000  0.258000 
 0.010000  0.520000  0.432000  0.038000 
 0.000000  1.000000  0.000000  0.000000 
 0.000000  0.900000  0.000000  0.100000 
 0.050000  0.112000  0.014000  0.824000 
 0.002000  0.000000  0.796000  0.202000 
 0.536000  0.038000  0.410000  0.016000 
 0.142000  0.000000  0.856000  0.002000 
 0.000000  0.000000  1.000000  0.000000 
 0.048000  0.556000  0.380000  0.016000 
 0.308000  0.382000  0.092000  0.218000 
 0.512000  0.094000  0.204000  0.190000 
 0.238000  0.150000  0.208000  0.404000 

MOTIF AP2B AP2B_HUMAN.H11MO.0.B
letter-probability matrix: alength= 4 w= 10 nsites= 28 E= 0
 0.035714  0.000000  0.785714  0.178571 
 0.000000  0.642857  0.250000  0.107143 
 0.000000  0.964286  0.000000  0.035714 
 0.107143  0.571429  0.000000  0.321429 
 0.071429  0.035714  0.892857  0.000000 
 0.321429  0.321429  0.357143  0.000000 
 0.071429  0.035714  0.857143  0.035714 
 0.000000  0.000000  1.000000  0.000000 
 0.178571  0.107143  0.678571  0.035714 
 0.214286  0.428571  0.250000  0.107143 

MOTIF AP2C AP2C_HUMAN.H11MO.0.A
letter-probability matrix: alength= 4 w= 14 nsites= 500 E= 0
 0.386000  0.202000  0.270000  0.142000 
 0.196000  0.124000  0.166000  0.514000 
 0.184000  0.100000  0.518000  0.198000 
 0.010000  0.506000  0.472000  0.012000 
 0.004000  0.988000  0.008000  0.000000 
 0.002000  0.952000  0.002000  0.044000 
 0.050000  0.132000  0.026000  0.792000 
 0.036000  0.000000  0.916000  0.048000 
 0.554000  0.026000  0.416000  0.004000 
 0.074000  0.000000  0.924000  0.002000 
 0.000000  0.000000  0.998000  0.002000 
 0.028000  0.618000  0.342000  0.012000 
 0.314000  0.350000  0.098000  0.238000 
 0.428000  0.170000  0.242000  0.160000 

MOTIF AP2D AP2D_HUMAN.H11MO.0.D
letter-probability matrix: alength= 4 w= 14 nsites= 5 E= 0
 0.200000  0.400000  0.200000  0.200000 
 0.000000  0.000000  1.000000  0.000000 
 0.000000  0.600000  0.200000  0.200000 
 0.000000  1.000000  0.000000  0.000000 
 0.000000  0.600000  0.000000  0.400000 
 0.000000  0.000000  1.000000  0.000000 
 0.400000  0.200000  0.400000  0.000000 
 0.000000  0.000000  1.000000  0.000000 
 0.000000  0.000000  1.000000  0.000000 
 0.000000  0.800000  0.200000  0.000000 
 0.200000  0.200000  0.400000  0.200000 
 0.000000  0.800000  0.200000  0.000000 
 0.000000  0.200000  0.800000  0.000000 
 0.200000  0.200000  0.000000  0.600000 

MOTIF ARI3A ARI3A_HUMAN.H11MO.0.D
letter-probability matrix: alength= 4 w= 22 nsites= 44 E= 0
 0.386364  0.113636  0.318182  0.181818 
 0.681818  0.090909  0.000000  0.227273 
 0.113636  0.000000  0.000000  0.886364 
 0.159091  0.000000  0.000000  0.840909 
 0.954545  0.045455  0.000000  0.000000 
 0.931818  0.068182  0.000000  0.000000 
 0.477273  0.000000  0.022727  0.500000 
 0.000000  0.409091  0.227273  0.363636 
 0.295455  0.181818  0.431818  0.090909 
 0.500000  0.045455  0.363636  0.090909 
 0.454545  0.045455  0.159091  0.340909 
 0.727273  0.000000  0.090909  0.181818 
 0.136364  0.045455  0.090909  0.727273 
 0.159091  0.568182  0.045455  0.227273 
 0.727273  0.000000  0.000000  0.272727 
 0.750000  0.045455  0.000000  0.204545 
 0.954545  0.000000  0.000000  0.045455 
 0.409091  0.000000  0.045455  0.545455 
 0.113636  0.136364  0.090909  0.659091 
 0.522727  0.136364  0.022727  0.318182 
 0.613636  0.068182  0.000000  0.318182 
 0.659091  0.022727  0.068182  0.250000 

MOTIF ARI5B ARI5B_HUMAN.H11MO.0.C
letter-probability matrix: alength= 4 w= 13 nsites= 15 E= 0
 0.200000  0.133333  0.333333  0.333333 
 0.133333  0.266667  0.400000  0.200000 
 0.000000  0.266667  0.200000  0.533333 
 0.000000  0.133333  0.333333  0.533333 
 0.333333  0.066667  0.333333  0.266667 
 0.200000  0.066667  0.666667  0.066667 
 0.000000  0.000000  0.000000  1.000000 
 0.866667  0.000000  0.133333  0.000000 
 0.000000  0.133333  0.000000  0.866667 
 0.000000  0.066667  0.066667  0.866667 
 0.133333  0.266667  0.533333  0.066667 
 0.133333  0.066667  0.266667  0.533333 
 0.266667  0.133333  0.400000  0.200000 

MOTIF ARNT ARNT_HUMAN.H11MO.0.B
letter-probability matrix: alength= 4 w= 9 nsites= 500 E= 0
 0.152000  0.284000  0.430000  0.134000 
 0.138000  0.074000  0.242000  0.546000 
 0.702000  0.030000  0.246000  0.022000 
 0.010000  0.948000  0.002000  0.040000 
 0.006000  0.002000  0.990000  0.002000 
 0.000000  0.000000  0.002000  0.998000 
 0.000000  0.006000  0.992000  0.002000 
 0.356000  0.526000  0.024000  0.094000 
 0.154000  0.502000  0.144000  0.200000 

MOTIF ARNT2 ARNT2_HUMAN.H11MO.0.D
letter-probability matrix: alength= 4 w= 12 nsites= 18 E= 0
 0.166667  0.111111  0.611111  0.111111 
 0.166667  0.277778  0.333333  0.222222 
 0.000000  0.666667  0.222222  0.111111 
 0.000000  0.055556  0.944444  0.000000 
 0.000000  0.000000  0.055556  0.944444 
 0.000000  0.055556  0.944444  0.000000 
 0.055556  0.000000  0.888889  0.055556 
 0.166667  0.333333  0.388889  0.111111 
 0.555556  0.000000  0.277778  0.166667 
 0.000000  0.333333  0.555556  0.111111 
 0.388889  0.000000  0.500000  0.111111 
 0.111111  0.611111  0.166667  0.111111 

MOTIF ARX ARX_HUMAN.H11MO.0.D
letter-probability matrix: alength= 4 w= 13 nsites= 623 E= 0
 0.155698  0.280899  0.154093  0.409310 
 0.059390  0.057785  0.056180  0.826645 
 0.964687  0.006421  0.016051  0.012841 
 0.972713  0.004815  0.017657  0.004815 
 0.004815  0.078652  0.006421  0.910112 
 0.000000  0.406100  0.025682  0.568218 
 0.000000  0.258427  0.001605  0.739968 
 0.942215  0.001605  0.054575  0.001605 
 0.996790  0.000000  0.000000  0.003210 
 0.001605  0.001605  0.001605  0.995185 
 0.017657  0.001605  0.001605  0.979133 
 0.746388  0.081862  0.083467  0.088283 
 0.313002  0.166934  0.369181  0.150883 

MOTIF ASCL1 ASCL1_HUMAN.H11MO.0.A
letter-probability matrix: alength= 4 w= 14 nsites= 480 E= 0
 0.189583  0.437500  0.175000  0.197917 
 0.218750  0.245833  0.160417  0.375000 
 0.220833  0.254167  0.427083  0.097917 
 0.006250  0.981250  0.004167  0.008333 
 0.981250  0.004167  0.000000  0.014583 
 0.006250  0.614583  0.358333  0.020833 
 0.008333  0.979167  0.002083  0.010417 
 0.008333  0.002083  0.002083  0.987500 
 0.004167  0.004167  0.977083  0.014583 
 0.008333  0.781250  0.083333  0.127083 
 0.081250  0.420833  0.006250  0.491667 
 0.102083  0.385417  0.275000  0.237500 
 0.131250  0.491667  0.097917  0.279167 
 0.166667  0.406250  0.152083  0.275000 

MOTIF ASCL2 ASCL2_HUMAN.H11MO.0.D
letter-probability matrix: alength= 4 w= 9 nsites= 499 E= 0
 0.262525  0.352705  0.338677  0.046092 
 0.002004  0.989980  0.004008  0.004008 
 0.985972  0.006012  0.002004  0.006012 
 0.006012  0.352705  0.587174  0.054108 
 0.014028  0.979960  0.002004  0.004008 
 0.004008  0.004008  0.000000  0.991984 
 0.002004  0.010020  0.963928  0.024048 
 0.006012  0.867735  0.014028  0.112224 
 0.102204  0.294589  0.008016  0.595190 

MOTIF ATF1 ATF1_HUMAN.H11MO.0.B
letter-probability matrix: alength= 4 w= 11 nsites= 500 E= 0
 0.288000  0.360000  0.158000  0.194000 
 0.358000  0.114000  0.362000  0.166000 
 0.352000  0.106000  0.510000  0.032000 
 0.018000  0.006000  0.032000  0.944000 
 0.020000  0.010000  0.952000  0.018000 
 0.946000  0.010000  0.016000  0.028000 
 0.032000  0.830000  0.054000  0.084000 
 0.024000  0.016000  0.876000  0.084000 
 0.078000  0.318000  0.016000  0.588000 
 0.288000  0.466000  0.144000  0.102000 
 0.536000  0.114000  0.186000  0.164000 

MOTIF ATF2 ATF2_HUMAN.H11MO.0.B
letter-probability matrix: alength= 4 w= 11 nsites= 500 E= 0
 0.316000  0.088000  0.464000  0.132000 
 0.424000  0.166000  0.384000  0.026000 
 0.020000  0.024000  0.012000  0.944000 
 0.016000  0.014000  0.940000  0.030000 
 0.904000  0.012000  0.014000  0.070000 
 0.034000  0.362000  0.248000  0.356000 
 0.002000  0.042000  0.934000  0.022000 
 0.126000  0.072000  0.026000  0.776000 
 0.158000  0.776000  0.036000  0.030000 
 0.876000  0.018000  0.064000  0.042000 
 0.062000  0.254000  0.184000  0.500000 

MOTIF ATF3 ATF3_HUMAN.H11MO.0.A
letter-probability matrix: alength= 4 w= 11 nsites= 500 E= 0
 0.222000  0.090000  0.580000  0.108000 
 0.256000  0.028000  0.710000  0.006000 
 0.018000  0.042000  0.008000  0.932000 
 0.010000  0.478000  0.508000  0.004000 
 0.940000  0.024000  0.004000  0.032000 
 0.002000  0.814000  0.042000  0.142000 
 0.038000  0.018000  0.926000  0.018000 
 0.028000  0.224000  0.008000  0.740000 
 0.266000  0.164000  0.536000  0.034000 
 0.576000  0.104000  0.252000  0.068000 
 0.094000  0.296000  0.276000  0.334000 

MOTIF ATF4 ATF4_HUMAN.H11MO.0.A
letter-probability matrix: alength= 4 w= 12 nsites= 500 E= 0
 0.398000  0.064000  0.382000  0.156000 
 0.236000  0.186000  0.394000  0.184000 
 0.534000  0.330000  0.136000  0.000000 
 0.002000  0.002000  0.000000  0.996000 
 0.000000  0.006000  0.978000  0.016000 
 0.980000  0.006000  0.010000  0.004000 
 0.000000  0.052000  0.006000  0.942000 
 0.000000  0.006000  0.994000  0.000000 
 0.102000  0.802000  0.002000  0.094000 
 0.994000  0.006000  0.000000  0.000000 
 0.998000  0.000000  0.002000  0.000000 
 0.016000  0.292000  0.130000  0.562000 

MOTIF ATF6A ATF6A_HUMAN.H11MO.0.B
letter-probability matrix: alength= 4 w= 12 nsites= 20 E= 0
 0.200000  0.200000  0.550000  0.050000 
 0.050000  0.200000  0.300000  0.450000 
 0.000000  0.250000  0.600000  0.150000 
 0.100000  0.400000  0.450000  0.050000 
 0.000000  0.050000  0.000000  0.950000 
 0.000000  0.050000  0.950000  0.000000 
 0.900000  0.050000  0.000000  0.050000 
 0.000000  1.000000  0.000000  0.000000 
 0.000000  0.000000  1.000000  0.000000 
 0.000000  0.000000  0.000000  1.000000 
 0.000000  0.100000  0.900000  0.000000 
 0.100000  0.000000  0.900000  0.000000 

MOTIF ATF7 ATF7_HUMAN.H11MO.0.D
letter-probability matrix: alength= 4 w= 11 nsites= 12644 E= 0
 0.217336  0.087393  0.447010  0.248260 
 0.570864  0.004350  0.418459  0.006327 
 0.000554  0.000633  0.004429  0.994385 
 0.000395  0.000316  0.986001  0.013287 
 0.995334  0.000079  0.004508  0.000079 
 0.000079  0.992012  0.005536  0.002373 
 0.000554  0.000000  0.999446  0.000000 
 0.000079  0.000000  0.003322  0.996599 
 0.185701  0.812164  0.001424  0.000712 
 0.997548  0.000316  0.001582  0.000554 
 0.005062  0.047058  0.027365  0.920516 

MOTIF ATOH1 ATOH1_HUMAN.H11MO.0.B
letter-probability matrix: alength= 4 w= 9 nsites= 500 E= 0
 0.534000  0.042000  0.378000  0.046000 
 0.324000  0.154000  0.522000  0.000000 
 0.002000  0.996000  0.002000  0.000000 
 0.998000  0.000000  0.000000  0.002000 
 0.000000  0.008000  0.974000  0.018000 
 0.586000  0.380000  0.034000  0.000000 
 0.018000  0.006000  0.002000  0.974000 
 0.002000  0.000000  0.990000  0.008000 
 0.032000  0.110000  0.722000  0.136000 

MOTIF BACH1 BACH1_HUMAN.H11MO.0.A
letter-probability matrix: alength= 4 w= 13 nsites= 500 E= 0
 0.062000  0.168000  0.098000  0.672000 
 0.010000  0.066000  0.922000  0.002000 
 0.020000  0.968000  0.004000  0.008000 
 0.036000  0.080000  0.080000  0.804000 
 0.004000  0.062000  0.890000  0.044000 
 0.802000  0.022000  0.124000  0.052000 
 0.014000  0.214000  0.764000  0.008000 
 0.006000  0.036000  0.146000  0.812000 
 0.016000  0.944000  0.034000  0.006000 
 0.786000  0.096000  0.082000  0.036000 
 0.010000  0.334000  0.256000  0.400000 
 0.152000  0.266000  0.394000  0.188000 
 0.106000  0.378000  0.372000  0.144000 

MOTIF BACH2 BACH2_HUMAN.H11MO.0.A
letter-probability matrix: alength= 4 w= 11 nsites= 500 E= 0
 0.122000  0.096000  0.068000  0.714000 
 0.014000  0.078000  0.894000  0.014000 
 0.044000  0.924000  0.012000  0.020000 
 0.078000  0.038000  0.008000  0.876000 
 0.058000  0.060000  0.794000  0.088000 
 0.758000  0.038000  0.056000  0.148000 
 0.044000  0.224000  0.670000  0.062000 
 0.010000  0.016000  0.008000  0.966000 
 0.060000  0.920000  0.016000  0.004000 
 0.964000  0.012000  0.008000  0.016000 
 0.056000  0.320000  0.212000  0.412000 

MOTIF BARH1 BARH1_HUMAN.H11MO.0.D
letter-probability matrix: alength= 4 w= 13 nsites= 5682 E= 0
 0.007392  0.000528  0.000528  0.991552 
 0.994720  0.000000  0.000528  0.004752 
 0.999472  0.000000  0.000352  0.000176 
 0.483809  0.003696  0.030623  0.481873 
 0.035375  0.432066  0.028335  0.504224 
 0.065118  0.000880  0.914467  0.019535 
 0.129532  0.364660  0.313798  0.192010 
 0.061950  0.357269  0.061598  0.519183 
 0.168251  0.336853  0.323830  0.171067 
 0.216825  0.340021  0.087645  0.355509 
 0.124076  0.059310  0.021999  0.794615 
 0.727385  0.017247  0.016719  0.238648 
 0.858677  0.020063  0.019535  0.101725 

MOTIF BARH2 BARH2_HUMAN.H11MO.0.D
letter-probability matrix: alength= 4 w= 18 nsites= 42825 E= 0
 0.221273  0.229632  0.413987  0.135108 
 0.167052  0.385055  0.121354  0.326538 
 0.009013  0.006211  0.006071  0.978704 
 0.988395  0.000654  0.001471  0.009480 
 0.998272  0.000771  0.000654  0.000304 
 0.476170  0.001798  0.030893  0.491138 
 0.016556  0.447799  0.016883  0.518762 
 0.021086  0.001681  0.971395  0.005838 
 0.204203  0.247659  0.346573  0.201565 
 0.056579  0.275447  0.062417  0.605558 
 0.144588  0.383468  0.294384  0.177560 
 0.218704  0.379381  0.133590  0.268325 
 0.268558  0.122335  0.101109  0.507998 
 0.522545  0.020829  0.049831  0.406795 
 0.490368  0.018471  0.013730  0.477431 
 0.419918  0.032224  0.049667  0.498190 
 0.336486  0.182090  0.118015  0.363409 
 0.228184  0.155703  0.435470  0.180642 

MOTIF BARX1 BARX1_HUMAN.H11MO.0.D
letter-probability matrix: alength= 4 w= 12 nsites= 461 E= 0
 0.099783  0.362256  0.268980  0.268980 
 0.364425  0.013015  0.043384  0.579176 
 0.757050  0.184382  0.045553  0.013015 
 0.958785  0.002169  0.008677  0.030369 
 0.039046  0.045553  0.297180  0.618221 
 0.065076  0.021692  0.427332  0.485900 
 0.088937  0.147505  0.741866  0.021692 
 0.045553  0.156182  0.032538  0.765727 
 0.062907  0.041215  0.032538  0.863341 
 0.017354  0.021692  0.043384  0.917570 
 0.147505  0.329718  0.071584  0.451193 
 0.154013  0.260304  0.078091  0.507592 

MOTIF BARX2 BARX2_HUMAN.H11MO.0.D
letter-probability matrix: alength= 4 w= 10 nsites= 14 E= 0
 0.142857  0.142857  0.071429  0.642857 
 0.000000  0.428571  0.142857  0.428571 
 0.428571  0.142857  0.285714  0.142857 
 0.285714  0.142857  0.000000  0.571429 
 0.000000  0.000000  0.000000  1.000000 
 0.928571  0.000000  0.071429  0.000000 
 1.000000  0.000000  0.000000  0.000000 
 0.000000  0.000000  0.000000  1.000000 
 0.000000  0.071429  0.428571  0.500000 
 0.357143  0.000000  0.500000  0.142857 

MOTIF BATF BATF_HUMAN.H11MO.0.A
letter-probability matrix: alength= 4 w= 18 nsites= 500 E= 0
 0.452000  0.078000  0.264000  0.206000 
 0.048000  0.400000  0.346000  0.206000 
 0.012000  0.018000  0.044000  0.926000 
 0.134000  0.328000  0.024000  0.514000 
 0.086000  0.238000  0.052000  0.624000 
 0.142000  0.546000  0.046000  0.266000 
 0.380000  0.086000  0.396000  0.138000 
 0.370000  0.114000  0.230000  0.286000 
 0.338000  0.018000  0.084000  0.560000 
 0.578000  0.158000  0.022000  0.242000 
 0.002000  0.002000  0.000000  0.996000 
 0.004000  0.056000  0.850000  0.090000 
 0.978000  0.008000  0.012000  0.002000 
 0.104000  0.558000  0.316000  0.022000 
 0.072000  0.030000  0.020000  0.878000 
 0.212000  0.508000  0.212000  0.068000 
 0.612000  0.084000  0.110000  0.194000 
 0.142000  0.186000  0.306000  0.366000 

MOTIF BATF3 BATF3_HUMAN.H11MO.0.B
letter-probability matrix: alength= 4 w= 17 nsites= 500 E= 0
 0.172000  0.354000  0.206000  0.268000 
 0.484000  0.056000  0.244000  0.216000 
 0.030000  0.390000  0.502000  0.078000 
 0.030000  0.016000  0.014000  0.940000 
 0.046000  0.064000  0.008000  0.882000 
 0.042000  0.160000  0.042000  0.756000 
 0.018000  0.856000  0.020000  0.106000 
 0.502000  0.178000  0.120000  0.200000 
 0.210000  0.182000  0.218000  0.390000 
 0.230000  0.042000  0.064000  0.664000 
 0.482000  0.198000  0.056000  0.264000 
 0.008000  0.000000  0.010000  0.982000 
 0.012000  0.024000  0.810000  0.154000 
 0.864000  0.006000  0.042000  0.088000 
 0.100000  0.462000  0.318000  0.120000 
 0.252000  0.120000  0.146000  0.482000 
 0.242000  0.386000  0.186000  0.186000 

MOTIF BC11A BC11A_HUMAN.H11MO.0.A
letter-probability matrix: alength= 4 w= 17 nsites= 500 E= 0
 0.376000  0.184000  0.286000  0.154000 
 0.550000  0.100000  0.224000  0.126000 
 0.500000  0.142000  0.230000  0.128000 
 0.590000  0.016000  0.226000  0.168000 
 0.188000  0.160000  0.580000  0.072000 
 0.664000  0.014000  0.270000  0.052000 
 0.104000  0.016000  0.828000  0.052000 
 0.200000  0.032000  0.758000  0.010000 
 0.880000  0.044000  0.048000  0.028000 
 0.868000  0.006000  0.056000  0.070000 
 0.248000  0.226000  0.502000  0.024000 
 0.150000  0.154000  0.032000  0.664000 
 0.118000  0.072000  0.760000  0.050000 
 0.658000  0.064000  0.250000  0.028000 
 0.458000  0.144000  0.310000  0.088000 
 0.622000  0.078000  0.158000  0.142000 
 0.360000  0.204000  0.318000  0.118000 

MOTIF BCL6 BCL6_HUMAN.H11MO.0.A
letter-probability matrix: alength= 4 w= 13 nsites= 500 E= 0
 0.160000  0.256000  0.190000  0.394000 
 0.172000  0.126000  0.414000  0.288000 
 0.144000  0.638000  0.138000  0.080000 
 0.094000  0.224000  0.016000  0.666000 
 0.038000  0.190000  0.112000  0.660000 
 0.016000  0.042000  0.026000  0.916000 
 0.006000  0.830000  0.020000  0.144000 
 0.024000  0.434000  0.094000  0.448000 
 0.970000  0.014000  0.016000  0.000000 
 0.172000  0.002000  0.772000  0.054000 
 0.026000  0.070000  0.840000  0.064000 
 0.836000  0.044000  0.084000  0.036000 
 0.820000  0.054000  0.074000  0.052000 

MOTIF BCL6B BCL6B_HUMAN.H11MO.0.D
letter-probability matrix: alength= 4 w= 11 nsites= 66 E= 0
 0.348485  0.272727  0.166667  0.212121 
 0.045455  0.363636  0.015152  0.575758 
 0.060606  0.000000  0.924242  0.015152 
 0.000000  0.969697  0.000000  0.030303 
 0.136364  0.000000  0.000000  0.863636 
 0.000000  0.015152  0.000000  0.984848 
 0.000000  0.000000  0.000000  1.000000 
 0.000000  1.000000  0.000000  0.000000 
 0.000000  0.000000  0.439394  0.560606 
 0.969697  0.015152  0.015152  0.000000 
 0.015152  0.000000  0.984848  0.000000 

MOTIF BHA15 BHA15_HUMAN.H11MO.0.B
letter-probability matrix: alength= 4 w= 11 nsites= 500 E= 0
 0.172000  0.286000  0.472000  0.070000 
 0.152000  0.450000  0.296000  0.102000 
 0.688000  0.068000  0.200000  0.044000 
 0.280000  0.108000  0.610000  0.002000 
 0.056000  0.922000  0.016000  0.006000 
 0.984000  0.004000  0.010000  0.002000 
 0.006000  0.004000  0.964000  0.026000 
 0.054000  0.878000  0.064000  0.004000 
 0.026000  0.012000  0.004000  0.958000 
 0.004000  0.004000  0.982000  0.010000 
 0.002000  0.148000  0.634000  0.216000 

MOTIF BHE22 BHE22_HUMAN.H11MO.0.D
letter-probability matrix: alength= 4 w= 13 nsites= 2246 E= 0
 0.588157  0.107302  0.195904  0.108638 
 0.308103  0.381122  0.212823  0.097952 
 0.000000  1.000000  0.000000  0.000000 
 0.999110  0.000000  0.000890  0.000000 
 0.000000  0.000000  0.000000  1.000000 
 1.000000  0.000000  0.000000  0.000000 
 0.000000  0.000000  0.000000  1.000000 
 0.000000  0.000000  1.000000  0.000000 
 0.000000  0.051647  0.185663  0.762689 
 0.006233  0.012021  0.006233  0.975512 
 0.107302  0.113980  0.059662  0.719056 
 0.188780  0.189225  0.104185  0.517809 
 0.186109  0.159394  0.145147  0.509350 

MOTIF BHE23 BHE23_HUMAN.H11MO.0.D
letter-probability matrix: alength= 4 w= 12 nsites= 392 E= 0
 0.410714  0.099490  0.329082  0.160714 
 0.239796  0.193878  0.397959  0.168367 
 0.119898  0.497449  0.265306  0.117347 
 0.576531  0.035714  0.288265  0.099490 
 0.112245  0.028061  0.239796  0.619898 
 0.568878  0.017857  0.290816  0.122449 
 0.104592  0.002551  0.000000  0.892857 
 0.000000  0.000000  1.000000  0.000000 
 0.012755  0.056122  0.614796  0.316327 
 0.099490  0.122449  0.145408  0.632653 
 0.204082  0.114796  0.400510  0.280612 
 0.145408  0.193878  0.380102  0.280612 

MOTIF BHE40 BHE40_HUMAN.H11MO.0.A
letter-probability matrix: alength= 4 w= 10 nsites= 500 E= 0
 0.346000  0.084000  0.370000  0.200000 
 0.170000  0.014000  0.628000  0.188000 
 0.098000  0.898000  0.002000  0.002000 
 0.944000  0.012000  0.016000  0.028000 
 0.008000  0.930000  0.016000  0.046000 
 0.052000  0.042000  0.900000  0.006000 
 0.046000  0.014000  0.046000  0.894000 
 0.002000  0.000000  0.998000  0.000000 
 0.584000  0.234000  0.116000  0.066000 
 0.092000  0.458000  0.380000  0.070000 

MOTIF BHE41 BHE41_HUMAN.H11MO.0.D
letter-probability matrix: alength= 4 w= 20 nsites= 10 E= 0
 0.400000  0.100000  0.200000  0.300000 
 0.000000  0.600000  0.400000  0.000000 
 0.300000  0.300000  0.300000  0.100000 
 0.400000  0.100000  0.500000  0.000000 
 0.100000  0.100000  0.400000  0.400000 
 0.000000  0.400000  0.500000  0.100000 
 0.000000  0.500000  0.000000  0.500000 
 0.000000  1.000000  0.000000  0.000000 
 0.700000  0.000000  0.200000  0.100000 
 0.200000  0.600000  0.100000  0.100000 
 0.000000  0.100000  0.800000  0.100000 
 0.000000  0.000000  0.000000  1.000000 
 0.000000  0.000000  1.000000  0.000000 
 0.300000  0.600000  0.100000  0.000000 
 0.400000  0.200000  0.100000  0.300000 
 0.000000  0.100000  0.700000  0.200000 
 0.500000  0.200000  0.300000  0.000000 
 0.400000  0.100000  0.400000  0.100000 
 0.300000  0.100000  0.600000  0.000000 
 0.200000  0.300000  0.300000  0.200000 

MOTIF BMAL1 BMAL1_HUMAN.H11MO.0.A
letter-probability matrix: alength= 4 w= 11 nsites= 410 E= 0
 0.160976  0.160976  0.370732  0.307317 
 0.173171  0.521951  0.292683  0.012195 
 0.065854  0.926829  0.002439  0.004878 
 0.897561  0.012195  0.034146  0.056098 
 0.024390  0.731707  0.034146  0.209756 
 0.007317  0.021951  0.951220  0.019512 
 0.014634  0.000000  0.012195  0.973171 
 0.000000  0.004878  0.975610  0.019512 
 0.453659  0.265854  0.026829  0.253659 
 0.051220  0.492683  0.292683  0.163415 
 0.139024  0.319512  0.143902  0.397561 

MOTIF BPTF BPTF_HUMAN.H11MO.0.D
letter-probability matrix: alength= 4 w= 12 nsites= 21 E= 0
 0.095238  0.095238  0.380952  0.428571 
 0.047619  0.000000  0.380952  0.571429 
 0.095238  0.047619  0.190476  0.666667 
 0.142857  0.238095  0.333333  0.285714 
 0.047619  0.000000  0.000000  0.952381 
 0.000000  0.000000  0.047619  0.952381 
 0.000000  0.000000  0.761905  0.238095 
 0.047619  0.142857  0.000000  0.809524 
 0.047619  0.000000  0.476190  0.476190 
 0.047619  0.095238  0.333333  0.523810 
 0.142857  0.142857  0.285714  0.428571 
 0.190476  0.428571  0.285714  0.095238 

MOTIF BRAC BRAC_HUMAN.H11MO.0.A
letter-probability matrix: alength= 4 w= 20 nsites= 500 E= 0
 0.120000  0.252000  0.146000  0.482000 
 0.078000  0.202000  0.106000  0.614000 
 0.336000  0.312000  0.224000  0.128000 
 0.334000  0.164000  0.380000  0.122000 
 0.138000  0.674000  0.128000  0.060000 
 0.670000  0.072000  0.162000  0.096000 
 0.198000  0.174000  0.408000  0.220000 
 0.182000  0.252000  0.402000  0.164000 
 0.244000  0.166000  0.340000  0.250000 
 0.470000  0.190000  0.230000  0.110000 
 0.344000  0.052000  0.438000  0.166000 
 0.060000  0.128000  0.748000  0.064000 
 0.038000  0.016000  0.004000  0.942000 
 0.002000  0.014000  0.970000  0.014000 
 0.224000  0.052000  0.044000  0.680000 
 0.032000  0.152000  0.632000  0.184000 
 0.906000  0.020000  0.062000  0.012000 
 0.660000  0.058000  0.222000  0.060000 
 0.350000  0.088000  0.262000  0.300000 
 0.200000  0.136000  0.198000  0.466000 

MOTIF BRCA1 BRCA1_HUMAN.H11MO.0.D
letter-probability matrix: alength= 4 w= 9 nsites= 73 E= 0
 0.150685  0.191781  0.287671  0.369863 
 0.191781  0.000000  0.273973  0.534247 
 0.041096  0.123288  0.150685  0.684932 
 0.054795  0.342466  0.479452  0.123288 
 0.027397  0.150685  0.452055  0.369863 
 0.013699  0.000000  0.863014  0.123288 
 0.000000  0.027397  0.000000  0.972603 
 0.000000  0.000000  0.000000  1.000000 
 0.068493  0.068493  0.821918  0.041096 

MOTIF BSH BSH_HUMAN.H11MO.0.D
letter-probability matrix: alength= 4 w= 14 nsites= 8213 E= 0
 0.218556  0.092049  0.077195  0.612200 
 0.659199  0.063436  0.112018  0.165348 
 0.688664  0.062097  0.091440  0.157799 
 0.119688  0.187264  0.189090  0.503957 
 0.148545  0.178254  0.366736  0.306465 
 0.398880  0.209668  0.253135  0.138317 
 0.088275  0.229879  0.551199  0.130647 
 0.240351  0.158894  0.119567  0.481188 
 0.000731  0.001339  0.000000  0.997930 
 0.997930  0.000000  0.001948  0.000122 
 0.998539  0.000487  0.000487  0.000487 
 0.052965  0.077560  0.065141  0.804335 
 0.093632  0.228540  0.267137  0.410690 
 0.326190  0.084987  0.477170  0.111652 

MOTIF CDC5L CDC5L_HUMAN.H11MO.0.D
letter-probability matrix: alength= 4 w= 15 nsites= 10 E= 0
 0.200000  0.200000  0.500000  0.100000 
 0.000000  0.200000  0.400000  0.400000 
 0.200000  0.000000  0.800000  0.000000 
 0.500000  0.100000  0.100000  0.300000 
 0.000000  0.100000  0.300000  0.600000 
 0.200000  0.000000  0.200000  0.600000 
 0.100000  0.000000  0.000000  0.900000 
 0.900000  0.000000  0.100000  0.000000 
 0.800000  0.000000  0.000000  0.200000 
 0.100000  0.600000  0.000000  0.300000 
 0.600000  0.000000  0.300000  0.100000 
 0.200000  0.100000  0.000000  0.700000 
 0.800000  0.100000  0.100000  0.000000 
 0.600000  0.000000  0.100000  0.300000 
 0.100000  0.300000  0.200000  0.400000 

MOTIF CDX1 CDX1_HUMAN.H11MO.0.C
letter-probability matrix: alength= 4 w= 8 nsites= 30 E= 0
 0.466667  0.233333  0.066667  0.233333 
 0.033333  0.000000  0.100000  0.866667 
 0.033333  0.000000  0.033333  0.933333 
 0.066667  0.066667  0.133333  0.733333 
 0.800000  0.000000  0.166667  0.033333 
 0.233333  0.100000  0.033333  0.633333 
 0.200000  0.000000  0.800000  0.000000 
 0.200000  0.100000  0.333333  0.366667 

MOTIF CDX2 CDX2_HUMAN.H11MO.0.A
letter-probability matrix: alength= 4 w= 12 nsites= 151 E= 0
 0.152318  0.119205  0.211921  0.516556 
 0.059603  0.072848  0.059603  0.807947 
 0.105960  0.000000  0.066225  0.827815 
 0.086093  0.245033  0.172185  0.496689 
 0.986755  0.006623  0.006623  0.000000 
 0.006623  0.052980  0.013245  0.927152 
 0.046358  0.000000  0.311258  0.642384 
 0.185430  0.006623  0.807947  0.000000 
 0.013245  0.761589  0.132450  0.092715 
 0.264901  0.211921  0.086093  0.437086 
 0.139073  0.198675  0.350993  0.311258 
 0.013245  0.231788  0.172185  0.582781 

MOTIF CEBPA CEBPA_HUMAN.H11MO.0.A
letter-probability matrix: alength= 4 w= 12 nsites= 500 E= 0
 0.230000  0.132000  0.366000  0.272000 
 0.346000  0.182000  0.466000  0.006000 
 0.008000  0.004000  0.006000  0.982000 
 0.002000  0.002000  0.280000  0.716000 
 0.158000  0.008000  0.620000  0.214000 
 0.176000  0.118000  0.116000  0.590000 
 0.000000  0.000000  0.996000  0.004000 
 0.156000  0.772000  0.000000  0.072000 
 0.984000  0.010000  0.002000  0.004000 
 0.990000  0.000000  0.008000  0.002000 
 0.014000  0.298000  0.176000  0.512000 
 0.320000  0.332000  0.222000  0.126000 

MOTIF CEBPB CEBPB_HUMAN.H11MO.0.A
letter-probability matrix: alength= 4 w= 12 nsites= 454 E= 0
 0.237885  0.099119  0.352423  0.310573 
 0.453744  0.132159  0.387665  0.026432 
 0.000000  0.002203  0.002203  0.995595 
 0.000000  0.000000  0.299559  0.700441 
 0.301762  0.002203  0.513216  0.182819 
 0.167401  0.259912  0.081498  0.491189 
 0.000000  0.000000  1.000000  0.000000 
 0.081498  0.898678  0.000000  0.019824 
 1.000000  0.000000  0.000000  0.000000 
 1.000000  0.000000  0.000000  0.000000 
 0.000000  0.244493  0.147577  0.607930 
 0.370044  0.332599  0.182819  0.114537 

MOTIF CEBPD CEBPD_HUMAN.H11MO.0.C
letter-probability matrix: alength= 4 w= 11 nsites= 500 E= 0
 0.454000  0.232000  0.268000  0.046000 
 0.004000  0.130000  0.020000  0.846000 
 0.008000  0.028000  0.018000  0.946000 
 0.042000  0.028000  0.812000  0.118000 
 0.016000  0.960000  0.012000  0.012000 
 0.458000  0.122000  0.278000  0.142000 
 0.122000  0.580000  0.028000  0.270000 
 0.590000  0.382000  0.006000  0.022000 
 0.828000  0.064000  0.046000  0.062000 
 0.024000  0.482000  0.178000  0.316000 
 0.208000  0.488000  0.072000  0.232000 

MOTIF CEBPE CEBPE_HUMAN.H11MO.0.A
letter-probability matrix: alength= 4 w= 12 nsites= 812 E= 0
 0.112069  0.107143  0.201970  0.578818 
 0.000000  0.000000  0.099754  0.900246 
 0.227833  0.000000  0.465517  0.306650 
 0.048030  0.570197  0.217980  0.163793 
 0.086207  0.000000  0.913793  0.000000 
 0.320197  0.445813  0.001232  0.232759 
 0.847291  0.151478  0.001232  0.000000 
 1.000000  0.000000  0.000000  0.000000 
 0.000000  0.150246  0.011084  0.838670 
 0.264778  0.485222  0.040640  0.209360 
 0.213054  0.070197  0.181034  0.535714 
 0.113300  0.311576  0.205665  0.369458 

MOTIF CEBPG CEBPG_HUMAN.H11MO.0.B
letter-probability matrix: alength= 4 w= 12 nsites= 500 E= 0
 0.562000  0.124000  0.288000  0.026000 
 0.000000  0.000000  0.000000  1.000000 
 0.002000  0.000000  0.040000  0.958000 
 0.176000  0.002000  0.688000  0.134000 
 0.002000  0.996000  0.002000  0.000000 
 0.868000  0.042000  0.074000  0.016000 
 0.016000  0.032000  0.014000  0.938000 
 0.056000  0.924000  0.008000  0.012000 
 0.992000  0.000000  0.006000  0.002000 
 0.016000  0.136000  0.398000  0.450000 
 0.256000  0.398000  0.132000  0.214000 
 0.196000  0.364000  0.094000  0.346000 

MOTIF CEBPZ CEBPZ_HUMAN.H11MO.0.D
letter-probability matrix: alength= 4 w= 11 nsites= 26 E= 0
 0.307692  0.038462  0.346154  0.307692 
 0.000000  0.692308  0.230769  0.076923 
 0.038462  0.230769  0.000000  0.730769 
 0.000000  0.346154  0.576923  0.076923 
 1.000000  0.000000  0.000000  0.000000 
 0.000000  0.000000  0.000000  1.000000 
 0.000000  0.000000  0.000000  1.000000 
 0.000000  0.000000  1.000000  0.000000 
 0.000000  0.000000  1.000000  0.000000 
 0.038462  0.769231  0.000000  0.192308 
 0.038462  0.115385  0.038462  0.807692 

MOTIF CENPB CENPB_HUMAN.H11MO.0.D
letter-probability matrix: alength= 4 w= 17 nsites= 2219 E= 0
 0.048220  0.041009  0.044164  0.866607 
 0.138351  0.012618  0.020730  0.828301 
 0.012168  0.953132  0.012168  0.022533 
 0.000451  0.000000  0.997296  0.002253 
 0.047319  0.284362  0.021631  0.646688 
 0.432627  0.091933  0.047769  0.427670 
 0.178909  0.358269  0.329878  0.132943 
 0.160883  0.221721  0.336638  0.280757 
 0.990536  0.000000  0.004056  0.005408 
 0.290671  0.275800  0.049572  0.383957 
 0.219018  0.113114  0.667868  0.000000 
 0.005858  0.985128  0.009013  0.000000 
 0.000000  0.000451  0.999549  0.000000 
 0.008112  0.001803  0.987832  0.002253 
 0.074358  0.053628  0.803966  0.068049 
 0.338441  0.118522  0.130239  0.412799 
 0.298333  0.178008  0.149617  0.374042 

MOTIF CLOCK CLOCK_HUMAN.H11MO.0.C
letter-probability matrix: alength= 4 w= 14 nsites= 252 E= 0
 0.158730  0.599206  0.178571  0.063492 
 0.424603  0.115079  0.190476  0.269841 
 0.202381  0.146825  0.511905  0.138889 
 0.337302  0.321429  0.166667  0.174603 
 0.095238  0.849206  0.043651  0.011905 
 0.809524  0.063492  0.043651  0.083333 
 0.154762  0.607143  0.126984  0.111111 
 0.253968  0.055556  0.642857  0.047619 
 0.095238  0.119048  0.043651  0.742063 
 0.087302  0.023810  0.861111  0.027778 
 0.400794  0.313492  0.178571  0.107143 
 0.369048  0.242063  0.281746  0.107143 
 0.222222  0.388889  0.289683  0.099206 
 0.492063  0.297619  0.023810  0.186508 

MOTIF COE1 COE1_HUMAN.H11MO.0.A
letter-probability matrix: alength= 4 w= 15 nsites= 500 E= 0
 0.418000  0.202000  0.200000  0.180000 
 0.420000  0.090000  0.272000  0.218000 
 0.118000  0.256000  0.414000  0.212000 
 0.058000  0.202000  0.024000  0.716000 
 0.002000  0.990000  0.002000  0.006000 
 0.014000  0.814000  0.000000  0.172000 
 0.006000  0.946000  0.002000  0.046000 
 0.250000  0.624000  0.040000  0.086000 
 0.674000  0.014000  0.012000  0.300000 
 0.018000  0.000000  0.982000  0.000000 
 0.248000  0.002000  0.724000  0.026000 
 0.006000  0.004000  0.990000  0.000000 
 0.658000  0.046000  0.256000  0.040000 
 0.220000  0.434000  0.254000  0.092000 
 0.212000  0.352000  0.092000  0.344000 

MOTIF COT1 COT1_HUMAN.H11MO.0.C
letter-probability matrix: alength= 4 w= 17 nsites= 500 E= 0
 0.180000  0.146000  0.540000  0.134000 
 0.288000  0.074000  0.550000  0.088000 
 0.248000  0.078000  0.592000  0.082000 
 0.208000  0.118000  0.590000  0.084000 
 0.086000  0.150000  0.362000  0.402000 
 0.132000  0.476000  0.290000  0.102000 
 0.632000  0.112000  0.194000  0.062000 
 0.412000  0.048000  0.524000  0.016000 
 0.726000  0.000000  0.270000  0.004000 
 0.018000  0.000000  0.912000  0.070000 
 0.016000  0.010000  0.962000  0.012000 
 0.010000  0.078000  0.280000  0.632000 
 0.066000  0.864000  0.042000  0.028000 
 0.960000  0.004000  0.016000  0.020000 
 0.204000  0.126000  0.518000  0.152000 
 0.226000  0.184000  0.494000  0.096000 
 0.186000  0.168000  0.506000  0.140000 

MOTIF COT2 COT2_HUMAN.H11MO.0.A
letter-probability matrix: alength= 4 w= 13 nsites= 500 E= 0
 0.188000  0.470000  0.186000  0.156000 
 0.666000  0.150000  0.086000  0.098000 
 0.532000  0.074000  0.344000  0.050000 
 0.732000  0.002000  0.260000  0.006000 
 0.008000  0.000000  0.980000  0.012000 
 0.036000  0.008000  0.902000  0.054000 
 0.008000  0.050000  0.082000  0.860000 
 0.002000  0.926000  0.022000  0.050000 
 0.988000  0.000000  0.008000  0.004000 
 0.374000  0.120000  0.378000  0.128000 
 0.408000  0.116000  0.384000  0.092000 
 0.212000  0.060000  0.564000  0.164000 
 0.232000  0.128000  0.380000  0.260000 

MOTIF CPEB1 CPEB1_HUMAN.H11MO.0.D
letter-probability matrix: alength= 4 w= 17 nsites= 1803 E= 0
 0.163616  0.217970  0.089296  0.529118 
 0.000555  0.000555  0.000555  0.998336 
 0.004992  0.003882  0.000555  0.990571 
 0.000555  0.001664  0.000555  0.997227 
 0.000000  0.001664  0.000000  0.998336 
 0.996672  0.000555  0.002219  0.000555 
 0.002219  0.054354  0.003328  0.940100 
 0.128120  0.235718  0.028286  0.607876 
 0.181919  0.250693  0.073211  0.494176 
 0.092623  0.223516  0.048253  0.635607 
 0.080976  0.184138  0.034387  0.700499 
 0.065446  0.135885  0.026068  0.772601 
 0.100388  0.118136  0.016084  0.765391 
 0.181364  0.099279  0.011647  0.707709 
 0.224071  0.116473  0.023295  0.636162 
 0.240155  0.168608  0.034942  0.556295 
 0.223516  0.210205  0.070438  0.495840 

MOTIF CR3L1 CR3L1_HUMAN.H11MO.0.D
letter-probability matrix: alength= 4 w= 11 nsites= 30982 E= 0
 0.071525  0.076141  0.686205  0.166129 
 0.265574  0.581047  0.003421  0.149958 
 0.028145  0.788329  0.159447  0.024078 
 1.000000  0.000000  0.000000  0.000000 
 0.000000  1.000000  0.000000  0.000000 
 0.000000  0.000000  1.000000  0.000000 
 0.000000  0.000000  0.000000  1.000000 
 0.000000  0.000000  1.000000  0.000000 
 0.000000  0.000000  1.000000  0.000000 
 0.000000  1.000000  0.000000  0.000000 
 0.982474  0.005842  0.005842  0.005842 

MOTIF CR3L2 CR3L2_HUMAN.H11MO.0.D
letter-probability matrix: alength= 4 w= 13 nsites= 1219 E= 0
 0.109106  0.150123  0.101723  0.639048 
 0.086957  0.083675  0.723544  0.105824 
 0.430681  0.185398  0.210829  0.173093 
 0.131255  0.081214  0.024610  0.762920 
 0.004102  0.217391  0.725185  0.053322 
 0.992617  0.001641  0.002461  0.003281 
 0.002461  0.989336  0.004922  0.003281 
 0.000000  0.001641  0.996719  0.001641 
 0.002461  0.004102  0.004102  0.989336 
 0.004922  0.009024  0.981952  0.004102 
 0.134537  0.126333  0.588187  0.150943 
 0.135357  0.598031  0.131255  0.135357 
 0.541427  0.143560  0.177194  0.137818 

MOTIF CREB1 CREB1_HUMAN.H11MO.0.A
letter-probability matrix: alength= 4 w= 11 nsites= 500 E= 0
 0.282000  0.286000  0.152000  0.280000 
 0.346000  0.096000  0.426000  0.132000 
 0.510000  0.042000  0.436000  0.012000 
 0.004000  0.024000  0.010000  0.962000 
 0.008000  0.006000  0.978000  0.008000 
 0.970000  0.000000  0.022000  0.008000 
 0.010000  0.866000  0.028000  0.096000 
 0.018000  0.012000  0.896000  0.074000 
 0.080000  0.268000  0.012000  0.640000 
 0.314000  0.504000  0.082000  0.100000 
 0.622000  0.122000  0.116000  0.140000 

MOTIF CREB3 CREB3_HUMAN.H11MO.0.D
letter-probability matrix: alength= 4 w= 13 nsites= 93 E= 0
 0.118280  0.204301  0.247312  0.430108 
 0.139785  0.139785  0.580645  0.139785 
 0.483871  0.010753  0.505376  0.000000 
 0.010753  0.000000  0.000000  0.989247 
